[gd_scene format=3 uid="uid://xisseaaiucms"]

[ext_resource type="PackedScene" uid="uid://nt1j7jl0w0qy" path="res://Assets/Meshes/Enemies/flying_robot.glb" id="1_4r4nw"]
[ext_resource type="Script" uid="uid://gq6lyph2alo4" path="res://Scripts/enemies/flying_robot.gd" id="1_pbw5g"]

[sub_resource type="CylinderShape3D" id="CylinderShape3D_4r4nw"]
height = 2.3
radius = 1.5

[node name="flying_robot" type="CharacterBody3D" unique_id=1821927379]
script = ExtResource("1_pbw5g")

[node name="flying_robot" parent="." unique_id=1136070193 instance=ExtResource("1_4r4nw")]

[node name="Cube_006" parent="flying_robot/mesh" parent_id_path=PackedInt32Array(1136070193, 1855612272) index="1" unique_id=2059855098]
transform = Transform3D(0.36230525, -0.1294457, -0.9230269, 0.36962828, 0.92906195, 0.014793918, 0.8556342, -0.34653676, 0.3844508, -0.6130564, 1.3021117, 1.5011767)

[node name="Cube_009" parent="flying_robot/mesh" parent_id_path=PackedInt32Array(1136070193, 1855612272) index="2" unique_id=296643541]
transform = Transform3D(0.36230522, -0.12944569, -0.9230269, 0.36962825, 0.9290619, 0.014793918, 0.85563415, -0.34653673, 0.3844508, 0.6130564, 1.3021122, -1.5011768)

[node name="Cube_012" parent="flying_robot/mesh" parent_id_path=PackedInt32Array(1136070193, 1855612272) index="3" unique_id=1619465382]
transform = Transform3D(0.36230525, -0.1294457, -0.9230269, 0.36962828, 0.92906195, 0.014793918, 0.8556342, -0.34653676, 0.3844508, -0.6130563, 1.3021121, -1.5011771)

[node name="Cube_010" parent="flying_robot/mesh/Cube_012" index="0" unique_id=345356311]
transform = Transform3D(0.99998504, -3.7546415e-05, 0.0054688263, 4.327749e-05, 0.99999946, -0.0010478388, -0.0054687844, 0.0010480598, 0.9999845, -0.41148466, -0.6002583, 0.37277645)

[node name="Cube_014" parent="flying_robot/mesh" parent_id_path=PackedInt32Array(1136070193, 1855612272) index="4" unique_id=2143907571]
transform = Transform3D(-0.85540426, 0.34645453, -0.38503617, 0.36962825, 0.9290619, 0.014793914, 0.36284786, -0.12966545, -0.92278296, -1.4832512, 1.3021122, 0.6693266)

[node name="Cube_017" parent="flying_robot/mesh" parent_id_path=PackedInt32Array(1136070193, 1855612272) index="5" unique_id=588778016]
transform = Transform3D(-0.85540426, 0.34645453, -0.38503617, 0.36962825, 0.9290619, 0.014793914, 0.36284786, -0.12966545, -0.92278296, -1.4832513, 1.3021121, -0.66932666)

[node name="Object" parent="flying_robot/mesh" parent_id_path=PackedInt32Array(1136070193, 1855612272) index="6" unique_id=614401150]
transform = Transform3D(0.36230525, -0.12944569, -0.9230269, 0.36962825, 0.9290619, 0.014793903, 0.8556342, -0.3465367, 0.3844508, 0.6130562, 1.3021121, 1.5011768)

[node name="CollisionShape3D" type="CollisionShape3D" parent="." unique_id=332469392]
transform = Transform3D(1, 0, 0, 0, 1, 0, 0, 0, 1, -0.13993406, 1.2800548, 0)
shape = SubResource("CylinderShape3D_4r4nw")

[editable path="flying_robot"]
